t = 1/1024
DFS U_hand: 
H_Ising == 0 : (1.00000214577+0j)
H_Ising != 0:
epsilon:
0.0 1.00000214577
0.1 1.00000215054
0.2 1.00000216484
0.3 1.00000218868
0.4 1.00000222206
0.5 1.00000226498
0.6 1.00000231743
0.7 1.00000237942
0.8 1.00000245094
0.9 1.00000253201
1.0 1.0000026226

t= 1/ 128
0.0 1.0001373291
0.1 1.00013763428
0.2 1.0001385498
0.3 1.00014007568
0.4 1.00014221191
0.5 1.0001449585
0.6 1.00014831543
0.7 1.00015228271
0.8 1.00015686035
0.9 1.00016204834
1.0 1.00016784668







Electromagnetic wave
t = 1/1024
0.0 1.00000214577
0.1 0.999969646478
0.2 0.99987215271
0.3 0.999709676766
0.4 0.999482239151
0.5 0.999189868569
0.6 0.998832601929
0.7 0.998410484338
0.8 0.997923569107
0.9 0.997371917748
1.0 0.996755599976

t= 1/128
0.0 1.0001373291
0.1 0.999880291239
0.2 0.999109440104
0.3 0.997825563049
0.4 0.996029972331
0.5 0.993724505107
0.6 0.990911523437
0.7 0.987593914286
0.8 0.983775089518
0.9 0.979458985901
1.0 0.974650065104


H_Ising as E_4:
t = 1/1024
0.0 1.00000214577
0.1 0.999994026868
0.2 0.999969670741
0.3 0.999929079103
0.4 0.999872254817
0.5 0.999799201886
0.6 0.999709925461
0.7 0.999604431836
0.8 0.999482728449
0.9 0.999344823885
1.0 0.99919072787


t = 1/128
0.0 1.0001373291
0.1 1.00007344869
0.2 0.999881844075
0.3 0.999562625122
0.4 0.999115974935
0.5 0.998542149862
0.6 0.997841479492
0.7 0.997014366658
0.8 0.996061287435
0.9 0.994982791138
1.0 0.993779500325




t = 1/1024
0.999476232595
[0, 1.9952672283097694, 2.792503648994243, 2.2472590034962843, 2.330471986986662, 1.6205021545405287, 4.841637754867795, 1.5453132342064115, 4.896409766000058, 1.8059198640863636, 6.101718126168045, 1.079476335740357, 3.8837925843654784, 5.758824609655843, 5.540628080647954, 2.8999051384967265, 1.6232788123613102, 1.2983757141528631, 0.8814793546357893, 4.260251096103236, 6.165398391897453, 1.6437004971827343, 1.503237769312593, 3.0012866824710467, 0.5495173621126904, 2.0678284798475253, 5.998697959829526, 1.618645763920969, 6.13942576373344, 0.3250188171194267, 1.2529405568634413, 0.1150471145531915, 4.54297945697566, 1.3650261884452337, 5.344159717922341, 0.7633038838459489, 5.372722096772457]
[0, -0.9341773933621781, 0.9254350258761962, -0.9995902730489987, -0.080153497663315615, 0.6273811551708111, -0.53936473033970311, -0.02455150164058264, 0.34774566750987923, 0.89148986931161012, -0.88631808435502479, 0.90767244764772925, 0.8412155390251576, -0.99716571734965187, 0.67913238862222913, -0.4832396075909914, -0.99694364640839672, 0.70308012742287196, -0.85790728337690059, -0.94408164592650923, -0.66948392779656374, -0.015419069368624073, 0.0011818457451394787, -0.30250473521656784, -0.97741380125142263, -0.92385624211677397, 0.37815069091268583, -0.46849251196761754, 0.41126909997268174]
[0, 0.3568089092652345, -0.3789063378745782, -0.02862317288191865, 0.99678253235715208, 0.7787123256611126, 0.84207225798358853, 0.9996985664525044, 0.93758890283967655, 0.45304063053413679, 0.46307694106405162, 0.41967931540782455, 0.5406999324048539, 0.075236508043331082, 0.73401580277557077, 0.8754881390717436, -0.078124041664072247, 0.7111106344465945, 0.51380452813192146, -0.32971176173241573, 0.74282654127466752, 0.99988111908356658, 0.9999993016200734, 0.95314788211040691, -0.21133447689206894, 0.3827396555125594, 0.92574405478094124, 0.88346746755626027, 0.91151397543189672]



0.999600013783
[0, 2.0577672283097694, 2.284691148994243, 2.1847590034962843, 2.330471986986662, 2.112689654540529, 4.841637754867795, 1.3578132342064115, 5.208909766000058, 1.9309198640863636, 0.5685328189884586, 0.852913835740357, 3.8212925843654784, 5.305699609655843, 5.587503080647954, 3.5639676384967265, 1.4592163123613102, 1.2671257141528631, 1.3580418546357893, 4.369626096103236, 6.087273391897453, 1.8077629971827343, 1.471987769312593, 3.1028491824710467, 0.4713923621126904, 2.1537659798475253, 5.990885459829526, 1.603020763920969, 0.043740456553853946, 0.043768817119426706, 0.9326280568634413, 6.273232421732778, 4.26172945697566, 1.5212761884452337, 5.203534717922341, 1.013303883845949, 5.841472096772457]
[0, -0.99248641791553072, 0.9254350258761962, -0.9995902730489987, -0.002114570636214091, 0.70310031167581366, -0.57822995859542636, -0.0011164685881932268, 0.38409564547337927, 0.86145263614276524, -0.99717278573155821, 0.90767244764772914, 0.81495549262124456, -0.99991798292552792, 0.83102893762330488, -0.42053851785697466, -0.9969436464083967, 0.69188365240132765, -0.8579072833769006, -0.9440816459265092, -0.6694839277965637, 0.015829658422479874, -0.0066306053930920913, 0.39274826045518424, -0.9774138012514226, -0.86893004377653515, 0.28982868326968281, -0.68398299766000903, -0.13046857074565801]
[0, 0.12235485381953018, -0.3789063378745782, -0.02862317288191865, 0.99999776429301301, 0.71109067756607081, 0.81587383521150592, 0.99999937674875161, 0.92329330937053156, 0.50783792265119443, 0.075142766760107269, 0.4196793154078246, 0.57952355003611766, 0.012807319084949389, 0.55622918372976549, 0.90727468552729884, -0.07812404166407225, 0.7220090107054058, 0.5138045281319215, -0.32971176173241573, 0.7428265412746675, 0.99987470310745818, 0.99997801729444091, 0.91964602098276205, -0.21133447689206894, 0.49493492402790562, 0.95707854137169013, 0.72949794990255323, 0.99145244568137769]


Ising&EM
0.999041866518
[0, 2.0265172283097694, 2.198753648994243, 2.1925715034962843, 1.307034486986662, 2.183002154540529, 5.240075254867795, 2.4750007342064118, 4.724534766000058, 1.2668573640863636, 6.156405626168045, 0.46228883574035695, 3.9541050843654784, 5.407262109655843, 6.025003080647954, 2.7358426384967265, 1.3342163123613102, 1.0483757141528631, 0.9752293546357893, 4.205563596103236, 5.845085891897453, 1.7374504971827343, 1.518862769312593, 3.3372241824710467, 0.3854548621126904, 1.9818909798475253, 5.951822959829526, 1.649895763920969, 6.20192576373344, 5.397266624299013, 1.7763780568634413, 0.2947346145531915, 3.90235445697566, 0.9119011884452337, 5.172284717922341, 0.8023663838459489, 0.9645367895928709]
[0, -0.92555888241990503, 0.9254350258761962, -0.99942636758927472, -0.033358382345896956, 0.33560564633318746, -0.73623850376432565, -0.016740686790275391, 0.35505989399907151, 0.93561536707412407, -0.84747353648227886, 0.90767244764772925, 0.62818235082701046, -0.99999603132630832, 0.53040648237108023, -0.50362426266162896, -0.91235502002814561, 0.83638640079263327, -0.84563047173668371, -0.98658182841856978, -0.67526677019175019, -0.054455231093552471, -0.0066306053930920913, -0.4817336007389118, -0.95908045313884882, -0.91144650953034345, -0.25014224386431805, -0.63708358385743546, 0.41126909997268174]
[0, 0.37860369144214168, -0.3789063378745782, -0.033866440133382171, 0.99944345429206993, 0.94200257438569857, 0.67672214798606012, 0.99985986488396961, 0.93484355465145508, 0.35302108279074773, 0.53083764463555094, 0.41967931540782444, 0.77806615021439585, -0.0028173270369274729, 0.84774345379881111, 0.86392279866810473, -0.40939994800859714, 0.54814030007758474, 0.53376877509872556, -0.16326755903813778, 0.73757358214269175, 0.99851621309147898, 0.99997801729444091, 0.87631771516906054, -0.28313368645744086, 0.41141859494309874, 0.96820909819858858, 0.77079472441069941, 0.91151397543189672]