Zonder Sy  	(4.00781440735-0.00520833333333j)
Met Sy 	    (4.00000858307+0j)
Met Ising  	(4.00000860214-0.000518544514974j), epsilon 0.1
			(4.00001049042-0.00518544514974j), epsilon 1
Heisenberg 	(4.00002384186-0.0155563354492j), epsilon 1 
			(4.00000873566-0.00155563354492j), epsilon 0.1
		  

best
phi_best
Cos_best
Sin_best

3.98875734385
[1.2843257641833103, 0.9590194159405792, -0.8023454685126454, 1.0016201032866978, 0.06365493773373299, -0.4952960871383634, -0.36564595090969565, 0.7956549397835571, 1.6957741599046874, 1.1088581157524189, 1.8978017621382772, 0.26372281046507595, 2.1034952181018447, 0.21994172473996487, -0.09582486016276626, 0.1528517558897129, 1.1077797225050685, -0.33434148062727465, 0.719908520439748, -0.1540633260640334, 0.8175400655513867, 1.3896788283831776, 1.785750661372031, -0.3913977749220843, 0.4363443293603728, 0.4317943779901925, 2.074608042601374, -0.9174770012522027, 0.18763352838796732, 1.1976694024347116, -0.7039255067938393, -0.07128462546834236, -0.4508140576039108, -0.6855157556263065, 0.5714062737436874, 2.0255820390055317, -0.5526990877833335]
[0.6029135265030241, 0.23188617084158339, -0.47837147999687962, 0.95732734769871919, 0.69285640411287575, -0.17303439556466818, 0.82664678298620287, -0.3917681538813434, -0.49596676188157818, 0.2236595658278549, 0.22269490442515408, 0.40154988761983063, 0.74993513167308168, 0.88380394041258481, -0.019045265893236022, -0.11721995271287786, 0.85594358267075932, -0.13383752251410277, -0.18667375902073544, -0.43224351619956808, -0.23689962308842857, 0.33950273988254104, 0.14529782186362677, 0.22288758872757308, 0.046955511537452428, -0.43071140954084797, 0.9643086037715074, -0.33723516275127602, 0.86974684011629166]
[0.79780654269044904, 0.97274292789638306, 0.87815757533918426, 0.28900579466186427, 0.7210755877713344, 0.98491578216189124, 0.56272115312876025, 0.92006397256082362, 0.86834150603820726, 0.97466732714998472, 0.97488818822625578, 0.91583715132795385, 0.66151137426538453, 0.46785745148622815, 0.99981862247462461, 0.99310597757036523, 0.5170692248478389, 0.99100328837359919, 0.98242196010322791, 0.90175691996426277, 0.97153413145424827, 0.94060506569561264, 0.98938796382495264, 0.97484415307843342, 0.99889698164338059, 0.90248971278975587, 0.26478088430293806, 0.9414204400819649, 0.49349816018676884]



3.99996092717
[0.10079733257583548, 1.8985037051283968, 1.550935757967257, 1.3649952656851025, 0.23656738991888066, 2.045546715218316, -0.0390572491558282, 3.243222116330369, 0.17429484856063127, 0.6322059800789147, 1.1002189263178348, 1.2742024660637368, 1.215850508275109, 2.54219239953358, 2.5052405930946806, 0.13233785133260922, 2.246614111698521, 0.2457541418978555, 1.924268399700605, 1.2921701860696917, 0.35544180319688823, 3.049317632312551, 2.4608376257263234, 1.0576225376163813, -0.0829489786680484, 2.7154650169640826, 1.4244760912179446, 0.9507093616132605, 2.4444047574683436, 1.1837088403606064, 0.30086129314598997, 3.3310559951651255, 0.26838277454124426, 0.4015692375829338, 1.6345533512032828, 1.213757928706241, 1.5664388231866369]
[0.8546622492870666, 0.99961146903960318, 0.56309311226350411, 0.017120232803794991, 0.23417330562295585, 0.14808540906173429, -0.58391055751300869, -0.22536647946422281, 0.065590190454824393, 0.45974555155791047, 0.56039903607535313, -0.079143834462076637, -0.99998550933014152, 0.99626074445444879, 0.60162031329352106, 0.012024617814103094, -0.6527616818788825, -0.55756254974809893, 0.97205602492877785, 0.99992848880563934, 0.85520467112146903, -0.048093966820162988, 0.2383116374428271, 0.76107356191608977, -0.91795932193647578, 0.36950893781423061, 0.90583709725902906, 0.93573061706464722, -0.10282736846446429]
[0.8546622492870666, 0.99961146903960318, 0.56309311226350411, 0.017120232803794991, 0.23417330562295585, 0.14808540906173429, -0.58391055751300869, -0.22536647946422281, 0.065590190454824393, 0.45974555155791047, 0.56039903607535313, -0.079143834462076637, -0.99998550933014152, 0.99626074445444879, 0.60162031329352106, 0.012024617814103094, -0.6527616818788825, -0.55756254974809893, 0.97205602492877785, 0.99992848880563934, 0.85520467112146903, -0.048093966820162988, 0.2383116374428271, 0.76107356191608977, -0.91795932193647578, 0.36950893781423061, 0.90583709725902906, 0.93573061706464722, -0.10282736846446429]



3.99985028559
[1.7628157972019005, 2.0733922283097694, 2.2612358311738294, 1.6974543159962843, 1.734768861986662, 0.9349552795405287, 0.9529836976882087, 1.1810554217064115, -0.11529116617952784, -0.037830135913636584, -0.007639056011541356, 1.806038835740357, 2.498050396865478, 1.219779927476257, 0.7379115234683677, 3.7241238884967265, 2.53636474986131, 1.7515007141528631, 2.1275731046357893, 2.0336885961032363, 3.1087577668974524, 1.9210442471827343, 1.192690894312593, 2.1282398074710467, 0.22139236211269042, 1.1303284798475253, 0.5368017151499396, 2.692864513920969, 3.1560451440538535, 0.8670110046194267, 2.0918077443634413, 0.21367992705319128, -1.2118855377039268, 1.4353386884452337, -0.6509396517572459, -0.17614924115405128, 2.915690846772457]
[-0.7990550344307653, -0.6502395720605633, 0.9224466083321737, -0.9874062210952207, 0.03010743991024356, 0.70310031167581333, -0.73774415845289376, -0.1044412817843917, 0.96715037318439767, 0.8658827255516912, -0.9726554167196418, 0.6277971887892152, 0.77284771844620292, -0.99982994503799671, 0.55987607687365171, 0.32184729844958343, -0.9444490298402949, 0.8363864007926338, -0.8833399549809868, -0.9994827247946706, -0.500805774096775, 0.1712323127999944, -0.25665564547127206, -0.041682338557488055, -0.86269381464359307, -0.9384362546056485, 0.48635653291661329, -0.9177542599315418, 0.76755491158028111]
[0.60125789138343, 0.759729227374132, 0.38612466222253833, 0.15820541881508418, 0.9995466682761996, 0.71109067756607114, 0.6750804075579675, 0.99453105464798497, 0.25420494812115724, 0.5002470445601599, 0.23225296623711794, 0.7783769586443052, 0.63459152538660535, 0.018441285348816432, 0.82857635649623074, 0.94679159083755315, 0.32865792251781456, 0.5481403000775839, 0.4687328918842673, -0.032160267987390898, 0.8655596898142438, 0.98523068113674006, 0.96650291238450214, 0.9991309136706655, 0.5057265883614247, 0.3454524512023652, 0.87376044937347175, 0.39714873583773119, 0.64098319612060561]


3.99994232408
[2.7628157972019007, 2.4796422283097694, 2.2612358311738294, 1.7599543159962843, 1.922268861986662, 0.9037052795405287, 0.8279836976882087, 1.0873054217064115, -0.36529116617952784, -0.3503301359136366, -0.007639056011541356, 1.806038835740357, 2.498050396865478, 1.219779927476257, 0.6441615234683677, 3.7241238884967265, 2.56761474986131, 1.7515007141528631, 2.1275731046357893, 2.0336885961032363, 3.2025077668974524, 1.9210442471827343, 1.130190894312593, 2.1282398074710467, 0.22139236211269042, 1.1928284798475253, 0.5680517151499396, 2.692864513920969, 3.0935451440538535, 0.8670110046194267, 2.0293077443634413, 0.11992992705319128, -1.2118855377039268, 1.4353386884452337, -0.8384396517572459, -0.14489924115405128, 3.540690846772457]
[-0.7990550344307653, -0.71850449419616913, 0.9224466083321737, -0.9874062210952207, 0.03010743991024356, 0.74614175448536213, -0.69413865913262351, -0.1044412817843917, 0.9279114100013236, 0.8658827255516912, -0.9726554167196418, 0.67518831535674617, 0.81097489532968681, -0.9998299450379967, 0.58549151911874253, 0.35127258105478304, -0.97106822379491231, 0.8363864007926338, -0.8833399549809868, -0.9994827247946706, -0.52760559798438911, 0.1712323127999944, -0.22633203516610798, -0.072879746967087891, -0.91901411799232569, -0.9384362546056485, 0.37362596633341377, -0.90489729611076941, 0.74715269457868239]
[0.60125789138343, 0.69552231583171165, 0.38612466222253833, 0.15820541881508418, 0.9995466682761996, 0.66578711478482788, 0.71984131716480648, 0.994531054647985, 0.37280077144415302, 0.5002470445601599, 0.23225296623711794, 0.73764540180612459, 0.58508095093329049, 0.018441285348816432, 0.81067853125639577, 0.93627323672051577, 0.23880222933589662, 0.5481403000775839, 0.4687328918842673, -0.0321602679873909, 0.84948945430507561, 0.9852306811367401, 0.9740502091050377, 0.99734073539689194, 0.39422461989427776, 0.3454524512023652, 0.92757945065715142, 0.42562998424854726, 0.66465242870527008]



3.99997392335
[3.7628157972019007, 2.5890172283097694, 2.2768608311738294, 1.7755793159962843, 2.047268861986662, 0.9037052795405287, 0.7967336976882087, 1.0560554217064115, -0.36529116617952784, -0.3503301359136366, -0.007639056011541356, 1.806038835740357, 2.498050396865478, 1.219779927476257, 0.6441615234683677, 3.7084988884967265, 2.58323974986131, 1.7515007141528631, 2.1275731046357893, 2.0336885961032363, 3.2337577668974524, 1.9210442471827343, 1.114565894312593, 2.0969898074710467, 0.2526423621126904, 1.2397034798475253, 0.5993017151499396, 2.692864513920969, 3.0466701440538535, 0.8670110046194267, 2.0293077443634413, 0.08867992705319128, -1.2275105377039268, 1.4353386884452337, -0.8384396517572459, -0.14489924115405128, 3.540690846772457]
[-0.7990550344307653, -0.7804590593010744, 0.9224466083321737, -0.99186724308893714, 0.04572104596533319, 0.77651951202603731, -0.67130837178426495, -0.1044412817843917, 0.8741926996131838, 0.88837210639823938, -0.9726554167196418, 0.71994284600197311, 0.8374997219261231, -0.99999603132630832, 0.5854915191187425, 0.35127258105478304, -0.9710682237949123, 0.8363864007926338, -0.8833399549809868, -0.9994827247946706, -0.5276055979843891, 0.1712323127999944, -0.19578741546952053, -0.10400598954056355, -0.95188288223928363, -0.9384362546056485, 0.3736259663334138, -0.8765459353531766, 0.69300055972258356]
[0.60125789138343, 0.62520689116074368, 0.38612466222253833, 0.12727675391504625, 0.99895424617738915, 0.63009320536159164, 0.74117816344814091, 0.994531054647985, 0.48557916341520851, 0.45912416683676677, 0.23225296623711794, 0.69403335545964873, 0.54643775105099257, 0.0028173270369312707, 0.8106785312563958, 0.9362732367205158, 0.23880222933589662, 0.5481403000775839, 0.4687328918842673, -0.0321602679873909, 0.8494894543050756, 0.9852306811367401, 0.98064636232627989, 0.99457667082014756, 0.30646203435308939, 0.3454524512023652, 0.9275794506571514, 0.48131821409107794, 0.72093704595074448]



3.99998211852
[4.762815797201901, 2.8233922283097694, 2.2924858311738294, 1.7755793159962843, 2.094143861986662, 0.9037052795405287, 0.7811086976882087, 1.0404304217064115, -0.6465411661795278, -0.4909551359136366, -0.007639056011541356, 1.806038835740357, 2.498050396865478, 1.219779927476257, 0.6441615234683677, 3.7084988884967265, 2.59105224986131, 1.7436882141528631, 2.1431981046357893, 2.0336885961032363, 3.2650077668974524, 1.9210442471827343, 1.114565894312593, 2.0891773074710467, 0.2838923621126904, 1.2397034798475253, 0.5993017151499396, 2.692864513920969, 3.0466701440538535, 0.8513860046194267, 2.0293077443634413, 0.057429927053191276, -1.2118855377039268, 1.4353386884452337, -0.8696896517572459, -0.14489924115405128, 3.071940846772457]
[-0.7990550344307653, -0.80889762017440081, 0.9224466083321737, -0.9918672430889371, 0.04572104596533319, 0.79107270183951706, -0.66549748968421352, -0.096668399679175149, 0.85047926999160028, 0.9056243955744786, -0.9726554167196418, 0.72534295563455564, 0.84174316509617408, -0.99991798292552792, 0.5854915191187425, 0.36585837603796056, -0.97290421273370575, 0.8363864007926338, -0.8833399549809868, -0.9994827247946706, -0.5276055979843891, 0.1712323127999944, -0.19578741546952053, -0.10400598954056355, -0.96312487459616358, -0.9384362546056485, 0.3297511982001759, -0.85302957972651039, 0.65845779628240253]
[0.60125789138343, 0.58794952170759596, 0.38612466222253833, 0.12727675391504625, 0.9989542461773891, 0.61172214313716533, 0.74640008790461043, 0.99531664333691683, 0.52600856581861355, 0.42408071653915169, 0.23225296623711794, 0.68838767908158194, 0.53987817515979941, -0.012807319084950477, 0.8106785312563958, 0.93067053713054992, 0.23120854838220881, 0.5481403000775839, 0.4687328918842673, -0.0321602679873909, 0.8494894543050756, 0.9852306811367401, 0.9806463623262799, 0.9945766708201476, 0.26905478240336905, 0.3454524512023652, 0.94406787218162891, 0.52186256438991008, 0.75261765227432853]



3.99999613757
[4.762815797201901, 2.9483922283097694, 2.3002983311738294, 1.7990168159962843, 2.195706361986662, 0.8919865295405287, 0.7225149476882087, 0.9935554217064115, -0.9668536661795278, -0.5378301359136366, -0.007639056011541356, 1.813851335740357, 2.498050396865478, 1.219779927476257, 0.6363490234683677, 3.6694363884967265, 2.59495849986131, 1.6694694641528631, 2.1471043546357893, 2.0336885961032363, 3.3665702668974524, 1.8702629971827343, 1.114565894312593, 2.0735523074710467, 0.2917048621126904, 1.2475159798475253, 0.5993017151499396, 2.720208263920969, 2.9763576440538535, 0.8279485046194267, 2.0214952443634413, 0.057429927053191276, -1.2118855377039268, 1.4353386884452337, -0.8775021517572459, -0.14489924115405128, 4.814128346772457]
[-0.7990550344307653, -0.87399728733131055, 0.92690806449447782, -0.99535972355203506, 0.037915400018085341, 0.82110360326224197, -0.65079336026433321, -0.08110540982290973, 0.76585150332499541, 0.92745085317089826, -0.9708112759419727, 0.77685610623835022, 0.85820063828354409, -0.9999179829255279, 0.59180701302514238, 0.38396459958663937, -0.97805546308939484, 0.83852118728081315, -0.8833399549809868, -0.9994827247946706, -0.54409550446135524, 0.18276596313163532, -0.17659804161408305, -0.14276742108333629, -0.98609739454581768, -0.9384362546056485, 0.31866551408126886, -0.81425858961465292, 0.59142935509635686]
[0.60125789138343, 0.48593079933001831, 0.37528847567584717, 0.096223805424730163, 0.99928095270622896, 0.57077918034014063, 0.75925489938218893, 0.99670552948072777, 0.64301747632147954, 0.37394506943209294, 0.23984467161877701, 0.62967816398553089, 0.51331439143055158, -0.012807319084950477, 0.80607968547424569, 0.92334781434964786, 0.20834469304733788, 0.54486899203494354, 0.4687328918842673, -0.0321602679873909, 0.83902329051400193, 0.9831564487509431, 0.98428305466368293, 0.98975626468197375, 0.16616837385600777, 0.3454524512023652, 0.94786723233547887, 0.58050232492106024, 0.80635681799703751]



3.99999929539
[4.762815797201901, 3.0030797283097694, 2.3002983311738294, 1.8107355659962843, 2.234768861986662, 0.8880802795405287, 0.6990774476882087, 0.9505866717064115, -1.072322416179528, -0.5690801359136366, -0.007639056011541356, 1.817757585740357, 2.498050396865478, 1.219779927476257, 0.6324427734683677, 3.6499051384967265, 2.61058349986131, 1.6538444641528631, 2.1549168546357893, 2.0336885961032363, 3.4212577668974524, 1.8585442471827343, 1.114565894312593, 2.0696460574710467, 0.3034236121126904, 1.2436097298475253, 0.5993017151499396, 2.731927013920969, 2.9451076440538535, 0.8240422546194267, 2.0214952443634413, 0.06914867705319128, -1.2196980377039268, 1.4392449384452337, -0.8814084017572459, -0.13708674115405128, 4.821940846772457]
[-0.7990550344307653, -0.91087513741979531, 0.92543502587619619, -0.99641897531666757, 0.034011679452355705, 0.83425450305902804, -0.64484188116668495, -0.077211419965364583, 0.70783391731522127, 0.93868191469102702, -0.96890788184776599, 0.79615105290837529, 0.8641569763404835, -0.9999179829255279, 0.59180701302514238, 0.38396459958663937, -0.98119132735087355, 0.8385211872808132, -0.8833399549809868, -0.9994827247946706, -0.5440955044613552, 0.19044121720729648, -0.16890301915595332, -0.14663255743231604, -0.99132872147910178, -0.9384362546056485, 0.30753606841442876, -0.79096733286634735, 0.56272125802419792]
[0.60125789138343, 0.41268206167759341, 0.37890633787457828, 0.084553093550042632, 0.99942143546195272, 0.55137956447961878, 0.76431600028614544, 0.99701474243209265, 0.7063788965549499, 0.34478437179197585, 0.24742173811788551, 0.60509792674647744, 0.50322233678769979, -0.012807319084950477, 0.80607968547424569, 0.9233478143496479, 0.19303776607552964, 0.5448689920349435, 0.4687328918842673, -0.0321602679873909, 0.8390232905140019, 0.98169860078773841, 0.98563267504684704, 0.98919102963020167, 0.13140534985535923, 0.3454524512023652, 0.95153642422357942, 0.6118583809496253, 0.82664671158098979]



3.99999930625
[4.762815797201901, 3.0187047283097694, 2.3002983311738294, 1.8107355659962843, 2.238675111986662, 0.8880802795405287, 0.6990774476882087, 0.9505866717064115, 5.206956641000058, 5.71410517126595, 6.275546251168045, 1.817757585740357, 2.498050396865478, 1.219779927476257, 0.6324427734683677, 3.6499051384967265, 2.61058349986131, 1.6538444641528631, 2.1549168546357893, 2.0336885961032363, 3.4251640168974524, 1.8585442471827343, 1.114565894312593, 2.0696460574710467, 0.3034236121126904, 1.2436097298475253, 0.5993017151499396, 2.731927013920969, 2.9451076440538535, 0.8201360046194267, 2.0214952443634413, 0.06914867705319128, 5.06348726947566, 1.4392449384452337, 5.401776905422341, 6.146098566025535, 4.829753346772457]
[-0.7990550344307653, -0.9108751374197953, 0.9254350258761962, -0.9964189753166676, 0.034011679452355705, 0.834254503059028, -0.644841881166685, -0.07721141996536458, 0.7078339173152213, 0.938681914691027, -0.968907881847766, 0.7961510529083753, 0.8641569763404835, -0.9999179829255279, 0.5918070130251424, 0.38396459958663937, -0.9811913273508736, 0.8385211872808132, -0.8833399549809868, -0.9994827247946706, -0.5440955044613552, 0.19044121720729648, -0.16890301915595332, -0.14663255743231604, -0.9913287214791018, -0.9384362546056485, 0.30753606841442876, -0.7909673328663474, 0.55948788430204621]
[0.60125789138343, 0.4126820616775934, 0.3789063378745783, 0.08455309355004263, 0.9994214354619527, 0.5513795644796188, 0.7643160002861454, 0.9970147424320926, 0.7063788965549499, 0.34478437179197585, 0.2474217381178855, 0.6050979267464774, 0.5032223367876998, -0.012807319084950477, 0.8060796854742457, 0.9233478143496479, 0.19303776607552964, 0.5448689920349435, 0.4687328918842673, -0.0321602679873909, 0.8390232905140019, 0.9816986007877384, 0.985632675046847, 0.9891910296302017, 0.13140534985535923, 0.3454524512023652, 0.9515364242235794, 0.6118583809496253, 0.82883852909913647]


1.00000250056
[0, 3.0030797283097694, 4.419438956173829, 1.4621027534962843, 2.369534486986662, 0.8861271545405287, 5.556481504867795, 1.3812507342064115, 5.208909766000058, 5.71410517126595, 6.261874376168045, 1.919320085740357, 2.489261334365478, 5.809605859655843, 0.6285365234683677, 3.1518582634967265, 2.90257568736131, 1.5913444641528631, 1.1451512296357893, 3.3852510961032363, 3.4036796418974524, 1.5812004971827343, 1.165347144312593, 2.0598804324710467, 0.22139236211269042, 1.2475159798475253, 0.3346532776499396, 1.472161388920969, 2.9343654565538535, 0.8816594421194267, 1.6689561818634413, 4.798623046732778, 5.18360445697566, 1.1423699384452337, 5.658612842922341, 6.163676691025535, 4.415690846772457]
[0, -0.93277648490610277, 0.9254350258761962, -0.999996560154525, -0.037262193906718026, 0.81094403883893307, -0.99999529695204703, -0.0030695889996490517, 0.9768416434287011, 0.98790012116191595, -0.88083066772134921, 0.84619198434258147, 0.85970080389346615, -0.5510349792568418, 0.19838018383109282, -0.47981605392399762, -0.99881198358083345, 0.8188514457014846, -0.94327318782920277, -0.98658182841856978, -0.71046197535547806, -0.32576989473485835, -0.014442651833345869, -0.5840633618416188, -0.98689700516107193, -0.99987507493312511, 0.3907716121734699, -0.84214869706724138, -0.7871856701781571]
[0, 0.36045530819536442, -0.3789063378745782, -0.00262291424134975, 0.99930552330368816, 0.58512371843192179, 0.0030669323088812908, 0.99999528880058897, -0.21396355685843887, 0.15509142661111819, 0.47343144678143428, 0.53287815270881989, 0.51079793243995042, -0.8344821457858832, 0.98012514642934334, 0.87736910955241831, 0.048730087782815866, 0.5740054963783785, 0.33201760965727944, 0.16326755903813758, 0.70373559066881941, 0.94544908677540074, 0.99989569946470958, 0.8117080690459263, 0.16135148342704228, 0.015806154734070585, 0.92048766809737714, 0.53924537274597706, 0.61671607783984828]